Links	Freq
0	0
1	704276
2	9781
3	26542
4	17161
5	13982
6	18253
7	34924
8	31525
9	24094
10	20091
11	18665
12	27168
13	51510
14	95314
15	117196
16	211284
17	161184
18	116318
19	98643
20	69654
21	46514
22	31763
23	25803
24	21414
25	19322
26	18055
27	17560
28	16891
29	16264
30	15493
31	14333
32	13334
33	12615
34	12349
35	10933
36	9976
37	9290
38	8845
39	8397
40	7998
41	7745
42	7206
43	6871
44	6449
45	6188
46	6079
47	5799
48	5654
49	5366
50	5203
51	5043
52	4837
53	4760
54	4584
55	4624
56	4373
57	4148
58	4293
59	3989
60	3806
61	3720
62	3760
63	3649
64	3635
65	3548
66	3441
67	3451
68	3283
69	3265
70	3121
71	3175
72	2930
73	2979
74	2805
75	2639
76	2789
77	2690
78	2591
79	2551
80	2504
81	2484
82	2395
83	2433
84	2406
85	2272
86	2186
87	2180
88	2158
89	2123
90	2100
91	2030
92	2040
93	1999
94	1990
95	1942
96	1910
97	1885
98	1899
99	1871
100	1798
101	1732
102	1683
103	1738
104	1627
105	1679
106	1579
107	1678
108	1691
109	1660
110	1712
111	1664
112	1578
113	1621
114	1597
115	1470
116	1498
117	1393
118	1473
119	1423
120	1477
121	1423
122	1450
123	1370
124	1339
125	1290
126	1310
127	1317
128	1363
129	1323
130	1272
131	1240
132	1228
133	1164
134	1227
135	1236
136	1176
137	1172
138	1156
139	1109
140	1066
141	1052
142	1101
143	1046
144	1066
145	1093
146	1092
147	1040
148	963
149	933
150	948
151	927
152	922
153	885
154	899
155	852
156	781
157	794
158	803
159	776
160	821
161	861
162	730
163	810
164	760
165	759
166	806
167	906
168	843
169	868
170	825
171	920
172	871
173	757
174	765
175	767
176	723
177	713
178	713
179	793
180	782
181	732
182	755
183	754
184	764
185	799
186	728
187	733
188	789
189	756
190	749
191	734
192	699
193	681
194	653
195	670
196	607
197	659
198	653
199	623
200	611
201	681
202	609
203	530
204	554
205	575
206	558
207	589
208	653
209	643
210	644
211	579
212	607
213	597
214	562
215	557
216	613
217	596
218	593
219	592
220	568
221	489
222	476
223	486
224	501
225	563
226	624
227	479
228	482
229	480
230	517
231	544
232	554
233	547
234	521
235	502
236	451
237	444
238	499
239	484
240	508
241	527
242	560
243	468
244	426
245	368
246	463
247	452
248	440
249	464
250	578
251	530
252	524
253	528
254	429
255	414
256	390
257	395
258	352
259	357
260	342
261	327
262	359
263	396
264	349
265	315
266	305
267	287
268	342
269	341
270	330
271	312
272	323
273	330
274	319
275	323
276	325
277	320
278	283
279	250
280	329
281	320
282	286
283	291
284	294
285	307
286	264
287	249
288	290
289	323
290	316
291	343
292	354
293	347
294	319
295	292
296	278
297	287
298	291
299	319
300	303
301	254
302	232
303	256
304	243
305	238
306	209
307	234
308	260
309	211
310	228
311	249
312	228
313	274
314	281
315	261
316	207
317	195
318	238
319	184
320	207
321	242
322	238
323	261
324	192
325	266
326	254
327	212
328	230
329	303
330	241
331	234
332	195
333	224
334	226
335	234
336	206
337	221
338	274
339	192
340	184
341	184
342	190
343	204
344	223
345	197
346	217
347	222
348	227
349	235
350	204
351	188
352	256
353	222
354	224
355	189
356	187
357	235
358	243
359	267
360	211
361	178
362	162
363	178
364	225
365	152
366	187
367	172
368	145
369	145
370	139
371	138
372	132
373	154
374	300
375	154
376	195
377	291
378	195
379	125
380	144
381	142
382	137
383	167
384	188
385	222
386	229
387	141
388	186
389	169
390	158
391	155
392	167
393	162
394	160
395	140
396	155
397	122
398	134
399	199
400	212
401	178
402	146
403	145
404	139
405	145
406	218
407	160
408	216
409	148
410	192
411	188
412	262
413	309
414	303
415	296
416	403
417	433
418	386
419	431
420	418
421	433
422	421
423	311
424	305
425	277
426	282
427	301
428	332
429	372
430	428
431	377
432	356
433	352
434	325
435	302
436	382
437	337
438	370
439	278
440	297
441	259
442	199
443	179
444	231
445	200
446	210
447	387
448	189
449	279
450	207
451	156
452	187
453	258
454	219
455	199
456	198
457	165
458	194
459	205
460	161
461	131
462	120
463	138
464	146
465	146
466	181
467	133
468	129
469	117
470	89
471	98
472	94
473	100
474	99
475	71
476	72
477	98
478	79
479	72
480	95
481	82
482	89
483	78
484	126
485	141
486	154
487	110
488	77
489	76
490	91
491	91
492	127
493	115
494	130
495	108
496	127
497	101
498	117
499	152
500	156
501	134
502	142
503	117
504	166
505	257
506	172
507	153
508	130
509	128
510	167
511	150
512	124
513	115
514	97
515	110
516	104
517	93
518	84
519	119
520	99
521	92
522	108
523	144
524	150
525	113
526	87
527	90
528	74
529	77
530	80
531	81
532	121
533	116
534	98
535	159
536	166
537	223
538	128
539	108
540	67
541	64
542	79
543	60
544	55
545	65
546	55
547	58
548	61
549	64
550	98
551	84
552	134
553	143
554	148
555	162
556	114
557	80
558	90
559	63
560	76
561	64
562	64
563	54
564	46
565	60
566	52
567	59
568	54
569	106
570	146
571	100
572	69
573	51
574	49
575	48
576	43
577	43
578	41
579	42
580	74
581	57
582	65
583	74
584	101
585	105
586	238
587	151
588	97
589	62
590	56
591	44
592	36
593	45
594	32
595	45
596	40
597	37
598	41
599	40
600	31
601	42
602	27
603	26
604	31
605	30
606	42
607	33
608	40
609	47
610	43
611	54
612	37
613	45
614	37
615	32
616	29
617	33
618	39
619	41
620	35
621	39
622	35
623	39
624	37
625	29
626	37
627	38
628	26
629	41
630	33
631	30
632	25
633	36
634	36
635	30
636	45
637	41
638	76
639	97
640	91
641	64
642	90
643	74
644	80
645	80
646	65
647	38
648	67
649	52
650	60
651	45
652	49
653	45
654	113
655	204
656	98
657	58
658	49
659	27
660	32
661	34
662	40
663	31
664	33
665	32
666	34
667	18
668	33
669	30
670	29
671	28
672	24
673	22
674	25
675	26
676	27
677	36
678	28
679	24
680	30
681	27
682	23
683	24
684	19
685	20
686	29
687	13
688	24
689	26
690	22
691	20
692	18
693	31
694	23
695	18
696	15
697	21
698	21
699	50
700	143
701	124
702	75
703	42
704	32
705	21
706	19
707	25
708	25
709	20
710	28
711	20
712	33
713	28
714	14
715	21
716	19
717	24
718	25
719	20
720	27
721	29
722	47
723	50
724	60
725	52
726	47
727	50
728	63
729	40
730	46
731	42
732	32
733	36
734	34
735	24
736	31
737	35
738	21
739	20
740	26
741	18
742	25
743	19
744	12
745	13
746	17
747	20
748	25
749	148
750	182
751	60
752	23
753	32
754	20
755	24
756	17
757	20
758	15
759	17
760	16
761	8
762	16
763	18
764	12
765	13
766	13
767	13
768	7
769	18
770	15
771	20
772	11
773	11
774	8
775	15
776	14
777	11
778	13
779	18
780	16
781	8
782	9
783	11
784	13
785	11
786	10
787	13
788	14
789	11
790	14
791	10
792	9
793	11
794	16
795	12
796	12
797	18
798	13
799	14
800	14
801	8
802	11
803	18
804	14
805	13
806	15
807	11
808	13
809	11
810	6
811	15
812	7
813	13
814	10
815	16
816	8
817	7
818	12
819	12
820	11
821	51
822	41
823	29
824	36
825	117
826	55
827	56
828	39
829	17
830	17
831	14
832	11
833	18
834	9
835	8
836	9
837	15
838	9
839	12
840	16
841	13
842	9
843	8
844	10
845	16
846	6
847	14
848	7
849	5
850	8
851	14
852	7
853	12
854	7
855	16
856	8
857	9
858	6
859	12
860	6
861	5
862	5
863	6
864	8
865	5
866	10
867	2
868	4
869	6
870	2
871	5
872	6
873	8
874	9
875	7
876	5
877	9
878	7
879	14
880	10
881	12
882	9
883	9
884	8
885	7
886	13
887	10
888	6
889	3
890	7
891	10
892	2
893	5
894	7
895	6
896	5
897	5
898	8
899	5
900	6
901	7
902	7
903	7
904	9
905	10
906	11
907	6
908	11
909	9
910	18
911	9
912	6
913	6
914	10
915	10
916	8
917	8
918	9
919	10
920	8
921	11
922	7
923	6
924	6
925	6
926	6
927	9
928	10
929	8
930	9
931	8
932	10
933	10
934	7
935	12
936	6
937	8
938	7
939	3
940	11
941	1
942	10
943	6
944	6
945	8
946	8
947	5
948	10
949	9
950	5
951	3
952	7
953	7
954	5
955	10
956	3
957	2
958	8
959	9
960	12
961	12
962	7
963	9
964	3
965	8
966	5
967	7
968	16
969	7
970	2
971	12
972	6
973	8
974	12
975	9
976	8
977	10
978	13
979	4
980	7
981	6
982	14
983	6
984	5
985	11
986	9
987	7
988	5
989	8
990	7
991	8
992	8
993	6
994	8
995	6
996	7
997	7
998	12
999	5
1000	12
1001	8
1002	4
1003	10
1004	7
1005	6
1006	9
1007	8
1008	7
1009	13
1010	6
1011	6
1012	6
1013	6
1014	13
1015	7
1016	8
1017	9
1018	11
1019	8
1020	10
1021	11
1022	6
1023	7
1024	3
1025	12
1026	3
1027	7
1028	4
1029	5
1030	14
1031	6
1032	8
1033	10
1034	4
1035	5
1036	3
1037	13
1038	6
1039	6
1040	3
1041	5
1042	2
1043	6
1044	3
1045	5
1046	7
1047	3
1048	1
1049	7
1050	7
1051	4
1052	3
1053	6
1054	3
1055	4
1056	3
1057	6
1058	6
1059	4
1060	10
1061	5
1062	4
1063	9
1064	2
1065	5
1066	9
1067	3
1068	7
1069	5
1070	1
1071	6
1072	4
1073	5
1074	3
1075	6
1076	3
1077	4
1078	5
1079	3
1080	5
1081	4
1082	3
1083	5
1084	4
1085	4
1086	4
1087	4
1088	8
1089	4
1090	4
1091	2
1092	5
1093	1
1094	1
1095	4
1096	5
1097	3
1098	1
1099	3
1100	5
1101	3
1102	4
1103	6
1104	3
1105	3
1106	3
1107	7
1108	3
1109	1
1111	4
1112	5
1113	6
1114	1
1115	4
1116	3
1117	3
1118	5
1119	5
1120	5
1121	5
1122	3
1123	4
1124	4
1125	4
1126	4
1127	5
1128	4
1129	9
1130	6
1131	5
1132	6
1133	2
1134	3
1135	2
1136	4
1137	5
1138	7
1139	1
1140	6
1141	5
1142	6
1143	1
1144	3
1145	8
1146	2
1147	8
1148	6
1149	2
1150	9
1151	2
1152	5
1153	2
1154	4
1155	6
1156	3
1158	6
1159	2
1160	5
1161	1
1162	6
1163	3
1164	3
1165	2
1166	2
1167	3
1169	7
1170	3
1171	5
1172	4
1173	3
1174	2
1175	3
1176	2
1177	5
1178	1
1179	3
1180	2
1181	3
1182	2
1183	2
1184	2
1185	2
1186	5
1187	1
1188	3
1189	4
1190	8
1191	2
1192	4
1193	2
1194	3
1195	1
1196	3
1197	3
1198	4
1199	1
1200	1
1201	2
1202	4
1203	4
1204	5
1205	1
1206	3
1207	2
1208	2
1209	1
1210	2
1211	1
1212	4
1213	2
1214	1
1215	3
1216	6
1217	2
1218	3
1219	4
1220	4
1222	4
1223	3
1224	5
1225	3
1226	4
1227	4
1228	2
1229	1
1230	1
1231	2
1232	3
1233	7
1234	2
1236	5
1237	2
1238	2
1239	4
1240	3
1241	4
1242	3
1243	3
1244	1
1245	2
1246	2
1247	3
1248	3
1249	2
1250	4
1251	3
1252	2
1253	4
1254	2
1255	4
1257	3
1258	1
1259	4
1260	3
1261	2
1262	1
1263	5
1264	1
1265	2
1266	5
1267	4
1268	7
1270	3
1271	4
1273	3
1274	1
1275	2
1277	6
1278	3
1279	1
1280	6
1281	4
1282	3
1284	3
1285	5
1286	6
1287	4
1288	3
1289	4
1290	6
1291	3
1292	3
1293	4
1294	1
1295	3
1296	5
1297	5
1298	7
1299	2
1300	7
1301	6
1302	3
1303	4
1304	4
1305	3
1306	2
1307	9
1308	9
1309	7
1310	10
1311	11
1312	12
1313	9
1314	7
1315	5
1316	5
1317	6
1318	4
1319	3
1320	1
1321	1
1322	5
1323	2
1324	1
1325	3
1326	3
1327	3
1329	1
1330	4
1331	3
1332	1
1333	4
1334	4
1335	3
1336	3
1338	3
1339	1
1340	1
1343	3
1344	2
1345	4
1346	1
1347	3
1349	3
1350	3
1352	1
1353	2
1355	4
1356	2
1357	3
1358	3
1359	4
1360	2
1361	4
1362	1
1363	3
1366	1
1368	2
1370	1
1371	3
1372	2
1373	3
1374	1
1375	4
1376	2
1377	3
1378	2
1379	1
1380	3
1381	1
1382	2
1383	4
1384	2
1385	4
1386	4
1387	2
1388	3
1389	3
1390	2
1391	5
1393	1
1394	3
1395	2
1397	3
1400	1
1401	2
1402	1
1403	1
1404	3
1406	4
1407	2
1408	2
1409	2
1410	2
1412	3
1413	2
1414	4
1415	1
1416	2
1417	5
1418	5
1419	2
1420	1
1421	5
1422	2
1425	3
1426	1
1427	1
1428	1
1429	4
1430	1
1432	3
1433	3
1434	2
1435	4
1436	2
1437	1
1438	1
1439	1
1440	3
1441	1
1442	5
1444	1
1445	1
1446	1
1447	4
1448	2
1449	1
1450	2
1451	2
1454	2
1455	1
1456	2
1457	4
1458	1
1459	3
1460	1
1461	2
1462	2
1463	2
1464	4
1465	2
1466	3
1467	1
1469	2
1470	2
1471	3
1472	5
1473	3
1475	2
1476	1
1477	3
1481	2
1482	1
1483	1
1486	1
1489	1
1490	1
1491	3
1492	4
1494	3
1495	1
1496	4
1497	1
1498	1
1499	1
1500	1
1501	2
1502	3
1503	3
1504	2
1505	4
1506	1
1507	1
1508	1
1509	1
1510	1
1511	1
1513	1
1515	3
1516	1
1517	1
1518	2
1519	1
1521	1
1522	2
1523	4
1524	2
1525	2
1526	3
1528	4
1529	1
1530	1
1531	2
1532	2
1533	3
1535	2
1536	2
1537	2
1538	2
1540	1
1541	3
1542	1
1543	2
1544	1
1545	3
1546	3
1547	1
1549	1
1550	2
1551	3
1552	3
1553	3
1554	1
1555	2
1556	1
1557	4
1558	1
1560	1
1561	1
1563	2
1564	1
1565	3
1567	5
1568	3
1569	1
1570	1
1571	2
1572	1
1574	1
1576	1
1577	1
1578	3
1580	2
1581	2
1582	4
1583	2
1585	1
1589	2
1590	2
1591	2
1592	1
1593	1
1595	3
1596	1
1597	2
1598	2
1599	1
1600	1
1601	1
1602	1
1604	3
1605	4
1606	2
1607	1
1608	2
1609	2
1611	2
1612	1
1614	1
1615	1
1618	2
1620	2
1621	2
1622	1
1624	1
1625	3
1626	1
1628	3
1630	2
1632	4
1634	1
1635	2
1637	3
1638	1
1639	2
1640	2
1641	1
1642	1
1644	1
1645	2
1646	2
1647	2
1649	1
1651	1
1652	1
1654	1
1655	1
1656	1
1658	1
1661	1
1662	2
1663	2
1664	1
1665	1
1666	3
1667	1
1668	1
1670	2
1671	1
1672	6
1673	44
1674	58
1675	64
1676	60
1677	57
1678	58
1679	46
1680	47
1681	40
1682	40
1683	36
1684	28
1685	25
1686	18
1687	18
1688	18
1689	13
1690	10
1691	8
1692	10
1693	10
1694	6
1695	7
1696	3
1697	5
1698	4
1699	4
1700	7
1701	5
1702	2
1703	5
1704	3
1705	6
1706	4
1707	2
1708	2
1709	3
1710	2
1711	3
1712	4
1713	1
1714	6
1716	1
1717	4
1718	2
1719	2
1720	2
1721	3
1722	1
1723	3
1724	5
1725	1
1726	1
1727	5
1729	3
1730	1
1731	1
1732	2
1733	4
1734	2
1736	2
1737	3
1738	3
1739	2
1740	2
1741	3
1742	2
1743	5
1744	2
1745	5
1746	3
1747	1
1748	1
1749	1
1750	2
1751	1
1752	2
1753	2
1754	1
1755	1
1756	1
1757	1
1759	1
1760	2
1761	2
1762	4
1763	3
1764	1
1765	3
1766	1
1768	5
1769	1
1771	3
1773	1
1774	1
1775	2
1776	2
1778	1
1779	1
1780	3
1781	3
1783	2
1784	3
1785	4
1786	1
1787	2
1788	3
1789	3
1790	3
1791	1
1792	1
1793	3
1794	3
1795	1
1796	3
1797	2
1799	2
1800	3
1801	3
1802	2
1804	1
1805	4
1806	2
1807	2
1808	3
1809	2
1810	2
1811	4
1812	1
1814	2
1815	2
1816	3
1817	1
1819	1
1820	1
1822	1
1823	1
1825	1
1827	2
1830	1
1831	1
1832	3
1833	2
1834	1
1837	2
1838	2
1840	2
1841	1
1842	1
1844	2
1845	1
1847	1
1851	3
1852	2
1853	3
1854	1
1855	2
1857	1
1858	1
1859	2
1860	1
1861	1
1863	1
1864	2
1865	2
1866	1
1867	1
1868	1
1870	1
1873	2
1874	1
1876	2
1879	1
1881	2
1882	1
1885	2
1886	3
1887	1
1888	2
1889	1
1890	2
1891	1
1892	1
1893	2
1894	1
1896	1
1898	1
1900	1
1902	1
1906	1
1907	1
1908	1
1910	3
1912	1
1915	1
1916	2
1919	3
1921	1
1922	4
1924	1
1932	2
1933	1
1934	1
1935	1
1936	1
1937	2
1939	1
1940	1
1941	2
1942	3
1944	2
1945	2
1946	1
1947	1
1951	1
1954	1
1955	1
1957	1
1958	1
1959	2
1960	1
1963	1
1964	1
1966	2
1968	1
1969	1
1971	1
1972	2
1974	1
1975	1
1979	3
1981	1
1982	2
1984	1
1985	2
1988	1
1989	1
1991	1
1992	1
1993	3
1994	2
1995	1
1996	2
1997	1
1998	2
1999	4
2000	1
2001	1
2004	1
2006	1
2007	1
2008	1
2013	2
2016	2
2017	1
2018	1
2020	1
2023	2
2024	1
2025	1
2028	1
2030	1
2031	1
2032	3
2033	1
2034	1
2037	1
2038	1
2040	2
2044	1
2045	1
2046	2
2049	4
2050	1
2051	1
2053	2
2057	1
2058	2
2060	1
2063	1
2065	2
2066	3
2067	2
2068	1
2070	1
2072	1
2073	1
2074	1
2077	3
2078	1
2079	1
2080	1
2081	1
2082	2
2083	2
2085	1
2086	1
2087	1
2088	2
2089	2
2090	1
2093	1
2095	3
2096	1
2102	4
2103	2
2104	2
2106	3
2107	2
2109	1
2110	1
2114	2
2116	1
2117	2
2120	1
2121	2
2123	2
2124	1
2125	3
2127	1
2128	1
2130	2
2131	1
2132	2
2133	2
2134	1
2135	2
2136	1
2137	2
2138	1
2141	2
2143	2
2145	1
2146	2
2147	3
2148	2
2150	2
2152	1
2153	2
2156	3
2160	1
2161	1
2162	1
2163	1
2164	2
2166	1
2167	1
2170	1
2172	1
2174	4
2175	1
2176	2
2177	1
2180	3
2181	1
2182	2
2185	2
2187	1
2188	1
2189	1
2191	1
2192	1
2193	2
2194	2
2195	1
2196	2
2197	3
2198	1
2199	1
2200	2
2201	1
2202	1
2203	1
2204	4
2205	1
2207	2
2208	1
2209	1
2210	1
2212	2
2215	2
2216	1
2217	3
2218	2
2219	1
2221	3
2222	1
2223	3
2224	2
2225	2
2226	1
2227	2
2228	1
2229	1
2230	2
2231	1
2232	1
2233	2
2234	3
2236	1
2237	1
2239	5
2240	3
2242	3
2243	4
2244	1
2246	2
2247	2
2248	2
2249	1
2250	1
2251	3
2252	1
2253	1
2254	1
2256	3
2257	2
2259	3
2260	2
2262	4
2263	3
2264	1
2266	4
2268	2
2269	1
2270	1
2271	1
2272	1
2273	1
2274	4
2275	8
2276	1
2277	1
2278	1
2279	1
2280	3
2281	3
2282	1
2284	3
2285	2
2286	1
2287	1
2288	2
2289	1
2290	1
2294	2
2295	2
2296	1
2297	1
2299	1
2300	2
2301	2
2302	1
2303	1
2304	5
2307	3
2308	2
2309	1
2310	2
2311	1
2312	1
2314	3
2315	4
2316	2
2317	2
2318	2
2319	2
2320	2
2321	1
2322	1
2323	2
2324	1
2325	1
2326	3
2327	1
2328	1
2329	3
2331	2
2333	1
2334	6
2335	2
2337	3
2340	2
2341	2
2342	5
2343	2
2344	1
2345	2
2348	1
2349	4
2350	1
2351	1
2352	2
2354	4
2355	1
2357	2
2358	3
2359	1
2360	2
2361	2
2362	2
2364	2
2366	2
2368	3
2369	3
2370	1
2372	2
2373	1
2374	1
2375	5
2377	2
2378	1
2379	2
2382	4
2385	3
2386	1
2387	3
2388	1
2389	1
2390	2
2391	1
2395	1
2396	1
2397	1
2399	1
2400	1
2401	3
2402	2
2404	3
2405	2
2406	2
2408	2
2409	1
2410	3
2414	4
2415	1
2417	1
2418	2
2419	1
2421	2
2426	2
2427	1
2429	1
2430	1
2431	2
2433	1
2435	1
2436	1
2437	1
2438	1
2439	1
2440	1
2441	1
2442	1
2443	1
2444	1
2446	2
2447	1
2448	1
2449	1
2451	1
2453	1
2454	1
2455	2
2456	4
2457	2
2459	2
2460	1
2461	1
2464	1
2465	1
2466	2
2467	1
2468	2
2469	1
2470	3
2472	1
2473	1
2476	2
2478	1
2479	3
2481	1
2483	2
2485	1
2486	1
2487	2
2488	1
2489	1
2491	2
2494	3
2496	2
2497	1
2498	3
2500	4
2501	1
2502	1
2503	2
2504	2
2507	1
2508	1
2509	1
2511	2
2512	3
2513	1
2514	1
2516	1
2519	2
2520	2
2523	1
2524	1
2525	1
2526	2
2530	3
2531	3
2534	1
2535	1
2537	1
2539	3
2540	2
2542	1
2546	1
2548	2
2549	2
2550	2
2551	2
2554	1
2555	1
2559	1
2561	3
2562	1
2563	1
2568	2
2569	1
2575	1
2576	4
2582	3
2583	1
2585	1
2587	1
2588	2
2593	1
2598	1
2600	3
2602	1
2604	1
2605	2
2607	1
2613	1
2614	2
2615	1
2616	1
2617	2
2618	1
2619	1
2620	1
2624	1
2625	1
2631	4
2634	1
2635	1
2637	3
2641	1
2642	2
2643	1
2644	1
2645	1
2647	1
2648	1
2649	1
2651	1
2652	1
2658	1
2661	3
2662	1
2666	1
2668	1
2671	1
2672	1
2675	2
2677	2
2678	1
2681	2
2683	1
2688	1
2690	1
2691	1
2694	1
2695	2
2696	1
2698	2
2701	2
2705	3
2707	1
2708	1
2709	1
2710	1
2711	2
2712	1
2714	1
2715	2
2720	1
2721	2
2722	2
2723	1
2725	2
2726	1
2728	1
2731	1
2732	1
2735	1
2737	1
2743	1
2744	1
2750	1
2752	1
2754	1
2757	1
2760	1
2761	1
2766	1
2767	3
2772	1
2785	1
2787	1
2793	1
2794	1
2795	1
2796	1
2798	1
2800	1
2801	1
2802	2
2804	1
2805	1
2807	1
2809	1
2811	2
2816	2
2820	1
2821	1
2825	1
2826	2
2828	1
2831	1
2833	1
2841	1
2848	1
2852	4
2854	1
2855	1
2856	3
2865	1
2866	1
2869	1
2871	1
2872	1
2874	3
2882	1
2883	1
2884	1
2891	1
2895	1
2903	1
2904	1
2908	1
2910	2
2911	1
2914	1
2915	1
2917	1
2919	1
2922	1
2929	2
2932	2
2937	1
2938	1
2941	1
2942	1
2943	1
2947	1
2949	1
2950	1
2951	1
2954	1
2957	1
2958	1
2964	1
2970	1
2974	1
2977	2
2980	1
2984	1
2988	1
2989	2
2995	1
2996	1
3003	2
3005	1
3008	3
3009	3
3010	1
3015	2
3017	1
3018	2
3019	2
3026	1
3028	1
3030	1
3034	2
3038	1
3039	1
3041	1
3043	1
3044	2
3045	1
3046	2
3049	1
3050	1
3055	1
3058	1
3059	1
3060	1
3064	1
3068	1
3070	1
3077	1
3080	1
3081	1
3082	2
3084	1
3085	1
3086	1
3089	1
3097	1
3111	1
3112	1
3115	1
3118	1
3124	1
3125	1
3127	2
3129	1
3132	1
3133	1
3134	1
3139	1
3149	1
3154	1
3155	1
3168	1
3173	2
3175	2
3178	1
3179	1
3180	1
3184	1
3185	1
3187	2
3192	1
3193	1
3201	1
3203	1
3206	1
3210	1
3211	1
3215	1
3221	1
3224	2
3240	2
3245	1
3246	1
3247	1
3248	2
3249	2
3251	1
3256	1
3259	1
3262	1
3269	1
3270	2
3271	1
3272	1
3274	1
3275	1
3279	1
3285	1
3286	1
3289	1
3290	1
3291	1
3297	1
3305	1
3307	1
3308	1
3317	1
3324	1
3331	1
3335	1
3336	1
3341	1
3344	1
3348	1
3349	1
3351	1
3353	1
3354	1
3362	1
3363	1
3366	2
3372	1
3382	1
3393	1
3400	1
3403	1
3408	2
3416	1
3417	1
3422	1
3427	1
3429	1
3430	1
3435	1
3447	1
3448	1
3449	1
3457	1
3458	2
3460	1
3462	1
3470	1
3474	1
3475	2
3476	1
3485	1
3487	1
3492	1
3498	1
3507	1
3509	1
3512	1
3516	2
3522	1
3532	1
3538	1
3541	1
3542	1
3552	1
3555	1
3559	1
3582	1
3584	1
3585	1
3592	1
3597	1
3605	1
3612	1
3616	1
3624	1
3632	2
3642	1
3644	1
3650	1
3661	1
3663	1
3665	2
3672	2
3674	1
3685	1
3703	1
3719	1
3720	1
3723	1
3727	1
3730	1
3734	1
3740	1
3747	1
3748	1
3749	1
3766	1
3767	1
3770	1
3772	1
3789	1
3796	1
3799	1
3804	1
3806	1
3812	1
3813	1
3834	1
3840	1
3849	2
3860	1
3869	1
3888	1
3901	1
3903	1
3908	1
3910	1
3911	1
3916	1
3923	1
3924	1
3925	1
3926	2
3934	1
3937	2
3938	1
3943	1
3947	1
3948	1
3951	2
3963	1
3974	1
3984	2
3985	1
3986	1
3987	1
3990	1
3992	1
3998	1
4010	1
4017	1
4020	2
4024	1
4025	1
4034	1
4040	1
4041	1
4045	1
4049	1
4055	1
4059	1
4067	1
4069	1
4074	1
4085	1
4086	1
4087	1
4094	1
4098	1
4125	1
4133	1
4139	1
4142	1
4144	1
4159	1
4170	1
4171	1
4175	1
4181	1
4190	1
4195	1
4197	1
4204	1
4208	1
4212	1
4227	1
4228	1
4229	1
4238	1
4240	1
4248	1
4251	1
4253	1
4282	2
4291	1
4296	3
4302	1
4323	1
4324	1
4326	1
4341	1
4352	1
4353	1
4361	1
4390	1
4395	1
4396	1
4414	1
4427	1
4444	1
4474	1
4485	1
4488	1
4497	1
4503	2
4505	1
4508	1
4513	1
4528	1
4534	1
4574	1
4585	1
4587	1
4599	1
4606	1
4607	1
4610	1
4614	2
4620	2
4634	1
4637	1
4639	1
4641	1
4645	1
4668	1
4673	1
4679	2
4686	1
4692	1
4709	1
4710	1
4737	1
4741	1
4761	1
4763	1
4765	1
4770	1
4771	1
4777	1
4778	1
4790	1
4799	1
4819	1
4840	1
4848	1
4853	1
4860	1
4866	1
4888	1
4896	1
4899	1
4905	1
4929	2
4930	2
4937	1
4938	1
4945	1
4946	1
4950	1
4954	1
4979	1
4981	1
4982	1
4998	2
5002	1
5010	1
5011	1
5018	1
5022	1
5032	1
5045	1
5050	1
5051	1
5055	1
5056	1
5070	1
5079	1
5094	1
5095	1
5100	1
5102	1
5109	1
5124	1
5137	1
5143	1
5145	1
5147	1
5154	1
5161	1
5166	1
5212	1
5214	1
5216	1
5228	1
5252	1
5272	1
5295	1
5297	1
5349	1
5350	1
5355	1
5356	1
5364	1
5366	1
5369	1
5391	1
5394	1
5398	1
5413	1
5428	1
5448	1
5470	2
5473	1
5495	1
5510	1
5515	1
5521	1
5545	1
5558	1
5561	1
5565	1
5584	1
5600	1
5608	1
5609	1
5630	1
5632	1
5653	1
5657	1
5675	1
5688	1
5689	1
5694	1
5702	1
5712	1
5722	1
5726	1
5749	1
5807	1
5824	1
5837	1
5839	1
5846	1
5850	1
5851	1
5860	1
5863	1
5875	1
5877	1
5897	1
5899	1
5918	1
5928	1
5965	1
5985	1
6062	1
6083	1
6092	1
6102	1
6103	1
6106	1
6107	1
6115	1
6151	1
6162	1
6169	1
6182	1
6207	1
6225	1
6245	2
6257	1
6269	1
6348	2
6352	1
6361	1
6386	1
6390	1
6412	1
6421	1
6435	1
6451	1
6461	1
6462	1
6463	1
6469	1
6513	1
6547	1
6555	1
6556	1
6566	1
6582	1
6637	1
6650	1
6677	1
6747	1
6754	1
6787	1
6810	1
6836	1
6839	1
6842	1
6848	1
6852	1
6870	1
6873	1
6884	1
6893	1
6927	1
6938	1
6940	1
6957	1
7006	1
7017	1
7018	1
7023	1
7063	1
7068	1
7082	1
7096	1
7102	1
7170	1
7184	1
7224	1
7225	1
7252	1
7257	1
7298	1
7300	1
7330	1
7344	1
7352	1
7370	1
7388	1
7438	1
7535	1
7554	1
7555	2
7586	1
7587	1
7590	1
7591	1
7593	1
7605	1
7617	1
7635	1
7647	1
7662	1
7705	1
7789	1
7793	1
7800	1
7801	1
7849	1
7878	1
7879	1
7884	1
7899	1
7901	1
7909	1
7920	1
7931	1
7961	1
7962	1
7979	1
8069	1
8076	1
8086	1
8092	1
8117	1
8126	1
8181	1
8186	1
8189	1
8215	1
8224	1
8247	1
8248	1
8272	1
8312	1
8321	1
8384	1
8394	1
8407	1
8439	1
8441	1
8507	1
8595	1
8644	1
8647	1
8650	1
8680	1
8699	1
8700	1
8807	1
8898	1
8925	1
8951	1
8970	1
9078	1
9111	1
9114	1
9134	1
9143	1
9150	1
9159	1
9190	1
9239	1
9263	1
9268	1
9269	1
9277	1
9294	1
9298	1
9328	1
9347	1
9352	1
9375	1
9405	1
9423	1
9424	1
9490	1
9503	1
9544	1
9578	1
9583	1
9613	1
9614	1
9678	1
9744	1
9797	2
9802	1
9826	1
9927	1
9958	1
10025	1
10097	1
10104	1
10160	1
10174	1
10178	1
10199	1
10204	1
10273	1
10274	1
10283	1
10296	1
10305	1
10321	1
10348	1
10389	1
10406	1
10438	1
10443	1
10484	1
10535	2
10542	1
10547	1
10569	1
10596	1
10618	1
10702	1
10767	1
10808	1
10873	1
10907	1
11013	1
11038	1
11044	1
11129	1
11184	1
11220	1
11250	1
11253	1
11266	1
11295	1
11360	1
11395	1
11457	1
11501	1
11538	1
11559	1
11578	1
11581	1
11621	1
11646	1
11690	1
11695	1
11761	1
11814	1
11815	1
11826	1
11828	1
11874	1
11977	1
11986	1
11996	1
12014	1
12291	1
12439	1
12541	1
12660	1
12735	1
12764	1
12831	1
12833	1
12874	1
12914	1
12957	1
13052	1
13063	1
13165	1
13179	1
13180	1
13199	1
13212	1
13216	1
13244	1
13295	1
13354	1
13578	1
13586	1
13708	1
13832	1
13968	1
13983	1
14152	1
14162	1
14222	1
14339	1
14396	1
14432	1
14502	1
14532	1
14541	1
14658	1
14754	1
14772	1
14779	1
14807	1
14951	1
15053	1
15079	1
15237	1
15468	1
15589	1
15607	1
15758	1
15797	1
15828	1
15964	1
16088	1
16328	1
16390	1
16394	1
16464	1
16497	1
16702	1
16762	1
16939	1
17027	1
17398	1
17453	1
17654	1
17665	1
17743	1
17886	1
18091	1
18210	1
18549	1
18764	1
19134	1
19667	1
20092	1
20420	1
21197	1
21345	1
21572	1
21602	1
21706	1
21746	1
21972	1
22778	1
22851	1
23125	1
23201	1
23395	1
23624	1
23995	1
24026	1
24046	1
26062	1
26198	1
26773	1
26902	1
27185	1
27707	1
28190	1
28300	1
29374	1
30064	1
30097	1
30704	1
30710	1
32225	1
33219	1
34018	1
34812	1
35210	1
35986	1
36458	1
36593	1
37253	1
37319	1
38208	1
38619	1
39159	1
39194	1
39406	1
39753	1
40762	1
40869	1
41825	1
41837	1
42073	1
42356	1
42718	1
44903	1
46571	1
46711	1
46834	1
46951	1
47203	1
47802	1
48942	1
53288	1
53857	1
54822	1
54966	1
55896	1
60828	1
63061	1
65089	1
68569	1
72171	1
78271	1
89035	1
93440	1
93942	1
95421	1
106845	1
110994	1
113449	1
129663	1
149541	1
154438	1
159402	1
165370	1
246418	1
251436	1
262852	1
569012	1
681988	1
838225	1
855436	1
889139	1
889833	1
891831	1
892650	1
896619	1
899547	1
900375	1
